AG05253_1 AG05253_1 -0.403305 0.327231 0.40872 0.0910374 0.158156 -0.0812259 0.0404423 0.0657918 -0.00853516 0.0318907 -0.00526782 0.0181294 -0.0967786 0.117721 0.241889 0.598779 -0.132195 -0.241158
PR00249 PR00249 -0.383246 0.18823 -0.335519 -0.197821 0.0527085 0.0977874 0.0664643 -0.0151998 0.020454 0.00383724 -0.0333085 0.0549148 -0.405692 -0.337352 -0.553424 0.0345857 0.0559258 -0.235465
PR00251 PR00251 -0.28158 0.453849 0.24831 0.105284 -0.0524235 0.0567822 -0.0975482 0.214174 0.0267663 -0.027902 0.038246 -0.0433828 0.287744 0.0249657 0.0025286 -0.614017 0.246723 -0.233401
PR00366 PR00366 -0.343562 -0.123882 -0.540747 -0.303742 0.0966224 -0.0316506 0.0809613 -0.158574 -0.0481592 0.0327457 -0.0303875 -0.00673277 0.112499 0.265183 0.516692 -0.0696344 0.162163 -0.233363
PR00445 PR00445 -0.274132 -0.368241 -0.0529298 0.53765 -0.039821 0.277069 0.0801994 -0.0250814 0.0154795 0.0108727 -0.0573915 -0.0240274 -0.0579374 0.00739044 0.0325297 -0.224119 -0.54384 -0.239328
SAMN01920504_LB502_paniscus SAMN01920504_LB502_paniscus 0.0359184 0.0698734 -0.21811 -0.116907 -0.109188 -0.0237001 -0.184287 -0.000817037 0.0179635 -0.125185 0.140454 -0.0832186 0.713681 0.00347109 -0.319703 0.281677 -0.311694 -0.235452
SAMN01920505_Hortense_paniscus SAMN01920505_Hortense_paniscus 0.145929 0.160088 0.0047598 -0.0900044 -0.889601 0.13567 0.074919 -0.0773612 -0.0230004 0.0168184 -0.0583066 0.0311169 -0.18248 0.0520367 0.143891 0.0788936 -0.0185226 -0.234736
SAMN01920506_Kosana_paniscus SAMN01920506_Kosana_paniscus 0.294583 0.161337 -0.134164 0.161938 0.12433 -0.070899 0.328176 0.0927057 -0.418462 0.662458 0.179189 -0.0112165 0.0488702 -0.00609942 -0.0449738 -0.00559776 -0.00477184 -0.235567
SAMN01920507_Dzeeta_paniscus SAMN01920507_Dzeeta_paniscus 0.105278 -0.211064 0.278628 -0.376314 0.119222 0.34039 0.12328 0.0527387 -0.0270272 -0.0384496 0.106593 -0.70725 -0.0810809 0.00684359 -0.0167077 -0.0226193 0.0105704 -0.236151
SAMN01920508_Hermien_paniscus SAMN01920508_Hermien_paniscus 0.101547 -0.215057 0.274813 -0.347056 0.123507 0.340595 0.0538605 0.0573158 -0.0616362 0.0341464 -0.102131 0.609103 0.171497 -0.344093 0.136162 -0.0271799 -0.0222755 -0.236717
SAMN01920509_Desmond_paniscus SAMN01920509_Desmond_paniscus 0.0223377 -0.230263 0.0381538 -0.124362 -0.0512402 -0.457056 -0.349552 0.384405 -0.0760503 0.186448 -0.5681 -0.112738 -0.0726269 -0.0301758 -0.0290978 -0.0530635 -0.0828849 -0.235303
SAMN01920510_Catherine_paniscus SAMN01920510_Catherine_paniscus 0.0231584 -0.198989 0.0439387 -0.0868194 -0.043792 -0.366771 -0.212603 0.191327 0.0301969 -0.124964 0.740728 0.144226 -0.250896 -0.0273412 0.0748289 -0.10971 -0.0975117 -0.235174
SAMN01920511_Kombote_paniscus SAMN01920511_Kombote_paniscus -0.0626658 -0.399126 0.00873855 0.399142 -0.100175 0.0837482 -0.0600587 0.0671531 0.00367053 -0.0280524 0.049988 -0.00410245 0.123318 -0.0365613 -0.128131 0.283322 0.693273 -0.234604
SAMN01920512_Chipita_paniscus SAMN01920512_Chipita_paniscus 0.270457 0.121006 -0.111074 0.133287 0.134488 -0.136913 0.351553 0.163523 -0.350569 -0.694661 -0.165443 0.03191 -0.0648844 0.018432 0.0307298 -0.0158628 0.00028192 -0.235285
SAMN01920513_Bono_paniscus SAMN01920513_Bono_paniscus -0.00722768 -0.0738906 0.286667 -0.0036257 0.0294199 -0.34963 -0.0266602 -0.810146 -0.165399 -0.017932 -0.0720826 -0.0122651 0.0262309 -0.0393705 -0.136445 -0.146742 0.0313149 -0.236114
SAMN01920514_Natalie_paniscus SAMN01920514_Natalie_paniscus 0.34432 0.280042 -0.215913 0.218114 0.202237 0.189177 -0.501813 -0.171916 0.153882 -0.0153313 -0.0287096 -0.137159 -0.132152 -0.359309 0.320658 0.0530175 0.0117461 -0.234265
SAMN01920515_Salonga_paniscus SAMN01920515_Salonga_paniscus 0.235595 0.0516883 0.00895266 -0.0385948 0.179444 0.24176 -0.228776 -0.0392268 0.124306 0.0222409 -0.0599509 0.247792 -0.19264 0.737241 -0.279508 -0.0269631 0.0129456 -0.234803
SAMN01920516_paniscus_Kumbuka SAMN01920516_paniscus_Kumbuka 0.18712 0.0103567 -0.00893502 0.0309293 0.0605792 -0.24764 0.454558 0.00984312 0.787176 0.0691352 -0.0724914 0.00347279 0.0576383 -0.0511769 0.006954 -0.029627 0.00685853 -0.235626
