PR00251.hap1 PR00251.hap1 -0.379709 -0.043927 0.0247198 0.00939404 0.150827 -0.730072 0.00467977 0.112096 -0.429944 -0.316228
PR00251.hap2 PR00251.hap2 -0.337513 -0.0636454 0.0125581 -0.0323781 -0.0780224 0.65482 0.0830764 0.122988 -0.569143 -0.316228
PR00366.hap1 PR00366.hap1 0.37273 0.387763 -0.184192 -0.690998 0.144932 -0.015311 0.125723 0.248813 -0.0188152 -0.316228
PR00366.hap2 PR00366.hap2 0.332708 0.357258 -0.146005 0.66427 -0.241417 -0.0388575 0.142246 0.344549 -0.0189557 -0.316228
PR00445.hap1 PR00445.hap1 0.348242 -0.162528 0.864994 -0.0121037 0.0055705 -0.00412824 -0.0291303 -0.0534199 -0.0141709 -0.316228
PR00445.hap2 PR00445.hap2 0.381381 -0.75637 -0.41565 0.0294426 0.0706142 -0.0125695 -0.0384295 -0.0440915 -0.0160071 -0.316228
PR00249.hap1 PR00249.hap1 0.00740691 0.299245 -0.103605 0.227853 0.609383 0.13131 -0.219623 -0.556317 0.0378623 -0.316228
PR00249.hap2 PR00249.hap2 -0.0597565 0.126256 -0.103932 -0.161175 -0.71485 -0.103346 -0.145874 -0.546664 0.0435669 -0.316228
AG05253_1.hap1 AG05253_1.hap1 -0.3485 -0.100761 0.0346644 0.000664322 0.0658404 0.0327731 0.702823 -0.0478034 0.515305 -0.316228
AG05253_1.hap2 AG05253_1.hap2 -0.316989 -0.0432915 0.0164463 -0.0349694 -0.0128764 0.085381 -0.62549 0.419849 0.470301 -0.316228
