0.7659734 -0.3917986 -0.1543234 0.0778217 0.0771508 0.0766343 0.0645196 0.0695994 0.0760007 0.0758291 0.0757316 0.0673492 -0.1693652 -0.0489093 -0.4723525 -0.4859010 -0.5053729 0.0732235 0.0664431 0.0721081 0.0816094 0.0755651 0.0737072 -0.0068506 0.0814515 0.0768955 0.0782706 0.0783298 0.0770148
-0.3917986 2.9828427 0.6328234 -0.4109117 -0.4032940 -0.4142511 -0.4289215 -0.4146248 -0.3980696 -0.3984213 -0.3979982 -0.4153439 0.7068176 0.1256884 1.9878112 1.9767293 2.0359669 -0.4073498 -0.4220881 -0.4155782 -0.3984089 -0.3892400 -0.4145477 -0.0951775 -0.3993262 -0.3993563 -0.4019230 -0.3944603 -0.3980449
-0.1543234 0.6328234 1.5168660 -0.1679146 -0.1618413 -0.1710729 -0.1827220 -0.1728179 -0.1581978 -0.1635085 -0.1625695 -0.1750800 0.2220841 0.0208852 0.6294251 0.6057483 0.6152454 -0.1684532 -0.1771442 -0.1715575 -0.1586402 -0.1558068 -0.1725762 0.0670314 -0.1601122 -0.1655220 -0.1633609 -0.1595008 -0.1574436
0.0778217 -0.4109117 -0.1679146 0.7577352 0.0698333 0.2312456 0.0554880 0.0631998 0.0716913 0.0690010 0.0698084 0.0619970 -0.1876460 -0.0579646 -0.4907483 -0.5035573 -0.5230617 0.0710758 0.0604732 0.0644458 0.0736645 0.0733035 0.0643355 -0.0140273 0.0755090 0.0672807 0.0758032 0.0722550 0.0732446
0.0771508 -0.4032940 -0.1618413 0.0698333 0.7627634 0.1503064 0.0692127 0.0640955 0.0709960 0.0747497 0.0744325 0.0631198 -0.1835868 -0.0567685 -0.4831828 -0.4962119 -0.5155935 0.0720436 0.0598327 0.0777040 0.0747375 0.0744884 0.0647453 -0.0137761 0.0804972 0.0700331 0.0736368 0.0841822 0.0702846
0.0766343 -0.4142511 -0.1710729 0.2312456 0.1503064 0.7576923 0.0562520 0.0593953 0.0644994 0.0682340 0.0682318 0.0576131 -0.1919044 -0.0646821 -0.4942331 -0.5074807 -0.5266095 0.0665088 0.0568719 0.0681262 0.0718852 0.0722361 0.0615941 -0.0187236 0.0712941 0.0658770 0.0705144 0.0723800 0.0658491
0.0645196 -0.4289215 -0.1827220 0.0554880 0.0692127 0.0562520 0.7713699 0.1496742 0.0652100 0.0599026 0.0596520 0.0442542 -0.1994221 -0.0712406 -0.5098692 -0.5215860 -0.5418947 0.0835393 0.2123310 0.2396865 0.0649323 0.0671928 0.0522042 -0.0329929 0.0678019 0.0563991 0.0622522 0.0628170 0.0609861
0.0695994 -0.4146248 -0.1728179 0.0631998 0.0640955 0.0593953 0.1496742 0.7557240 0.0708924 0.0768184 0.0710050 0.0604723 -0.1897970 -0.0643087 -0.4952038 -0.5076868 -0.5272326 0.0963449 0.1689178 0.0934222 0.0702693 0.0748692 0.0577201 -0.0203186 0.0697513 0.0777550 0.0660681 0.0679924 0.0673229
0.0760007 -0.3980696 -0.1581978 0.0716913 0.0709960 0.0644994 0.0652100 0.0708924 0.7639528 0.0820067 0.0750149 0.0743636 -0.1750515 -0.0552060 -0.4774381 -0.4905682 -0.5107049 0.0770221 0.0659104 0.0691115 0.0775334 0.0760192 0.0700772 -0.0042979 0.0783638 0.0815486 0.0782860 0.0773845 0.0906988
0.0758291 -0.3984213 -0.1635085 0.0690010 0.0747497 0.0682340 0.0599026 0.0768184 0.0820067 0.7762462 0.0880606 0.0738890 -0.1793033 -0.0576970 -0.4777750 -0.4909871 -0.5106654 0.0817792 0.0601040 0.0669257 0.0738297 0.0836184 0.0622305 -0.0075561 0.0757771 0.0956321 0.0722084 0.0763301 0.0711516
0.0757316 -0.3979982 -0.1625695 0.0698084 0.0744325 0.0682318 0.0596520 0.0710050 0.0750149 0.0880606 0.7668592 0.0661099 -0.1772380 -0.0548606 -0.4774589 -0.4919093 -0.5105113 0.0760614 0.0617662 0.0696909 0.0747551 0.1249822 0.0639088 -0.0114414 0.0773836 0.0840291 0.0714125 0.0775526 0.0718574
0.0673492 -0.4153439 -0.1750800 0.0619970 0.0631198 0.0576131 0.0442542 0.0604723 0.0743636 0.0738890 0.0661099 0.7564934 -0.1889941 -0.0656510 -0.4951100 -0.5086505 -0.5282741 0.0704742 0.0517587 0.0568936 0.0676041 0.0690475 0.2200866 0.1327416 0.0662108 0.0726418 0.0711817 0.0694680 0.0671116
-0.1693652 0.7068176 0.2220841 -0.1876460 -0.1835868 -0.1919044 -0.1994221 -0.1897970 -0.1750515 -0.1793033 -0.1772380 -0.1889941 1.4502245 0.2874368 0.7105663 0.6822120 0.6951389 -0.1830228 -0.1919708 -0.1883405 -0.1713238 -0.1704745 -0.1860538 -0.0691317 -0.1768328 -0.1800400 -0.1770796 -0.1728496 -0.1759867
-0.0489093 0.1256884 0.0208852 -0.0579646 -0.0567685 -0.0646821 -0.0712406 -0.0643087 -0.0552060 -0.0576970 -0.0548606 -0.0656510 0.2874368 1.0651515 0.0764878 0.0471355 0.0419374 -0.0588454 -0.0654158 -0.0618304 -0.0479969 -0.0507342 -0.0622613 -0.0475659 -0.0520509 -0.0598534 -0.0527609 -0.0507329 -0.0513667
-0.4723525 1.9878112 0.6294251 -0.4907483 -0.4831828 -0.4942331 -0.5098692 -0.4952038 -0.4774381 -0.4777750 -0.4774589 -0.4951100 0.7105663 0.0764878 3.7336864 2.5938568 2.9512718 -0.4868271 -0.5034987 -0.4969881 -0.4775859 -0.4706307 -0.4939661 -0.1647930 -0.4791081 -0.4780046 -0.4806249 -0.4739075 -0.4768878
-0.4859010 1.9767293 0.6057483 -0.5035573 -0.4962119 -0.5074807 -0.5215860 -0.5076868 -0.4905682 -0.4909871 -0.4919093 -0.5086505 0.6822120 0.0471355 2.5938568 3.8773484 3.0861952 -0.4997571 -0.5162121 -0.5096734 -0.4908321 -0.4849888 -0.5072535 -0.1816238 -0.4918740 -0.4904637 -0.4934834 -0.4874024 -0.4906621
-0.5053729 2.0359669 0.6152454 -0.5230617 -0.5155935 -0.5266095 -0.5418947 -0.5272326 -0.5107049 -0.5106654 -0.5105113 -0.5282741 0.6951389 0.0419374 2.9512718 3.0861952 3.9634883 -0.5189922 -0.5358432 -0.5299039 -0.5106450 -0.5039378 -0.5275108 -0.1947373 -0.5118233 -0.5101950 -0.5129099 -0.5069111 -0.5098009
0.0732235 -0.4073498 -0.1684532 0.0710758 0.0720436 0.0665088 0.0835393 0.0963449 0.0770221 0.0817792 0.0760614 0.0704742 -0.1830228 -0.0588454 -0.4868271 -0.4997571 -0.5189922 0.7557788 0.0926172 0.0636784 0.0734081 0.0763904 0.0677935 -0.0116599 0.0696919 0.0733350 0.0819174 0.0730701 0.0751857
0.0664431 -0.4220881 -0.1771442 0.0604732 0.0598327 0.0568719 0.2123310 0.1689178 0.0659104 0.0601040 0.0617662 0.0517587 -0.1919708 -0.0654158 -0.5034987 -0.5162121 -0.5358432 0.0926172 0.7875670 0.1548492 0.0677154 0.0686559 0.0581180 -0.0230823 0.0698575 0.0589135 0.0638694 0.0651066 0.0678174
0.0721081 -0.4155782 -0.1715575 0.0644458 0.0777040 0.0681262 0.2396865 0.0934222 0.0691115 0.0669257 0.0696909 0.0568936 -0.1883405 -0.0618304 -0.4969881 -0.5096734 -0.5299039 0.0636784 0.1548492 0.7616439 0.0706647 0.0740963 0.0625862 -0.0185040 0.0749238 0.0656581 0.0663690 0.0702765 0.0658921
0.0816094 -0.3984089 -0.1586402 0.0736645 0.0747375 0.0718852 0.0649323 0.0702693 0.0775334 0.0738297 0.0747551 0.0676041 -0.1713238 -0.0479969 -0.4775859 -0.4908321 -0.5106450 0.0734081 0.0677154 0.0706647 0.7602697 0.0755696 0.0742927 -0.0081248 0.0790738 0.0761871 0.0809640 0.0797990 0.0793268
0.0755651 -0.3892400 -0.1558068 0.0733035 0.0744884 0.0722361 0.0671928 0.0748692 0.0760192 0.0836184 0.1249822 0.0690475 -0.1704745 -0.0507342 -0.4706307 -0.4849888 -0.5039378 0.0763904 0.0686559 0.0740963 0.0755696 0.7697592 0.0680990 -0.0072621 0.0768725 0.0831442 0.0709307 0.0760808 0.0721118
0.0737072 -0.4145477 -0.1725762 0.0643355 0.0647453 0.0615941 0.0522042 0.0577201 0.0700772 0.0622305 0.0639088 0.2200866 -0.1860538 -0.0622613 -0.4939661 -0.5072535 -0.5275108 0.0677935 0.0581180 0.0625862 0.0742927 0.0680990 0.7604902 0.0701256 0.0692778 0.0625430 0.0752079 0.0678169 0.0734272
-0.0068506 -0.0951775 0.0670314 -0.0140273 -0.0137761 -0.0187236 -0.0329929 -0.0203186 -0.0042979 -0.0075561 -0.0114414 0.1327416 -0.0691317 -0.0475659 -0.1647930 -0.1816238 -0.1947373 -0.0116599 -0.0230823 -0.0185040 -0.0081248 -0.0072621 0.0701256 0.9267927 -0.0069207 -0.0114325 -0.0094548 -0.0099920 -0.0058140
0.0814515 -0.3993262 -0.1601122 0.0755090 0.0804972 0.0712941 0.0678019 0.0697513 0.0783638 0.0757771 0.0773836 0.0662108 -0.1768328 -0.0520509 -0.4791081 -0.4918740 -0.5118233 0.0696919 0.0698575 0.0749238 0.0790738 0.0768725 0.0692778 -0.0069207 0.7644005 0.0774262 0.0763967 0.0791109 0.0752519
0.0768955 -0.3993563 -0.1655220 0.0672807 0.0700331 0.0658770 0.0563991 0.0777550 0.0815486 0.0956321 0.0840291 0.0726418 -0.1800400 -0.0598534 -0.4780046 -0.4904637 -0.5101950 0.0733350 0.0589135 0.0656581 0.0761871 0.0831442 0.0625430 -0.0114325 0.0774262 0.7704074 0.0709416 0.0779601 0.0692944
0.0782706 -0.4019230 -0.1633609 0.0758032 0.0736368 0.0705144 0.0622522 0.0660681 0.0782860 0.0722084 0.0714125 0.0711817 -0.1770796 -0.0527609 -0.4806249 -0.4934834 -0.5129099 0.0819174 0.0638694 0.0663690 0.0809640 0.0709307 0.0752079 -0.0094548 0.0763967 0.0709416 0.7641366 0.0720670 0.0887657
0.0783298 -0.3944603 -0.1595008 0.0722550 0.0841822 0.0723800 0.0628170 0.0679924 0.0773845 0.0763301 0.0775526 0.0694680 -0.1728496 -0.0507329 -0.4739075 -0.4874024 -0.5069111 0.0730701 0.0651066 0.0702765 0.0797990 0.0760808 0.0678169 -0.0099920 0.0791109 0.0779601 0.0720670 0.7697900 0.0740373
0.0770148 -0.3980449 -0.1574436 0.0732446 0.0702846 0.0658491 0.0609861 0.0673229 0.0906988 0.0711516 0.0718574 0.0671116 -0.1759867 -0.0513667 -0.4768878 -0.4906621 -0.5098009 0.0751857 0.0678174 0.0658921 0.0793268 0.0721118 0.0734272 -0.0058140 0.0752519 0.0692944 0.0887657 0.0740373 0.7685589
